---------------------------------
BLOCK_SIZE = 128, no MAX_REGCOUNT
---------------------------------

[MCAR][HIDDEN_NODES  1[TRIALS      1][TIME_STEPS 262144][SHARING_INTERVAL 262144][SHARE_BEST_PCT 0.5000][AGENT_GROUP_SIZE     32][ALPHA 0.2000][EPSILON 0.1000][GAMMA 0.9500][LAMBDA 0.2000][TEST_INTERVAL   4096][TEST_REPS    128][TEST_MAX   1000][RESTART_INTERVAL    512][CHUNK_INTERVAL    512]
iActionStart values 0, 160, 320
_p.agents = 32, _p.hidden_nodes = 1
---------------------------------------|
.......................................
    9041.125 ms for total GPU time
       7.457 ms for reset_gradient_kernel time
    7074.972 ms for learn_kernel time
    1829.101 ms for test_kernel time
       2.971 ms for reduce_kernel time
GPU: 
    TEST  Avg Steps
   [         0]       0,        0,        0
   [      4096]     592,      144,       10
   [      8192]     629,      212,       12
   [     12288]     611,      138,       28
   [     16384]     568,      231,        1
   [     20480]     609,      207,       11
   [     24576]     642,      194,       24
   [     28672]     601,      246,        6
   [     32768]     550,      142,       26
   [     36864]     580,       92,       12
   [     40960]     537,      105,       20
   [     45056]     596,      148,        2
   [     49152]     571,      115,        2
   [     53248]     616,      145,       12
   [     57344]     551,       56,        1
   [     61440]     500,       59,       21
   [     65536]     516,       98,       21
   [     69632]     558,       68,       28
   [     73728]     556,      148,       26
   [     77824]     548,       78,       28
   [     81920]     523,      124,       11
   [     86016]     479,      101,        3
   [     90112]     479,       55,        7
   [     94208]     444,       81,       21
   [     98304]     483,       45,       12
   [    102400]     509,      130,       15
   [    106496]     550,      201,        5
   [    110592]     459,      142,        1
   [    114688]     513,       87,       28
   [    118784]     484,       72,       14
   [    122880]     442,       94,        1
   [    126976]     559,      155,       26
   [    131072]     556,      108,        4
   [    135168]     460,      132,       10
   [    139264]     525,      131,       14
   [    143360]     481,       42,       15
   [    147456]     481,      110,        3
   [    151552]     433,       55,       14
   [    155648]     429,      118,       25
   [    159744]     487,       69,       21
   [    163840]     519,       96,        7
   [    167936]     474,      148,        5
   [    172032]     505,      101,       15
   [    176128]     471,      138,        2
   [    180224]     536,      193,       17
   [    184320]     580,       97,        6
   [    188416]     463,       73,       28
   [    192512]     483,       76,        6
   [    196608]     493,      149,        5
   [    200704]     607,      167,       26
   [    204800]     539,      208,       12
   [    208896]     490,      150,       11
   [    212992]     564,       78,        7
   [    217088]     459,       43,       27
   [    221184]     536,      221,       15
   [    225280]     515,       95,       23
   [    229376]     561,       74,       11
   [    233472]     534,       83,        2
   [    237568]     533,       48,       24
   [    241664]     469,      119,        4
   [    245760]     525,      110,       11
   [    249856]     539,       44,       16
   [    253952]     570,      141,        1
   [    258048]     499,       90,       31
   [    262144]     590,       59,       23
Best Agent on GPU:
[agent 23]:    seeds = 17068687, 223312393, 2362408142, 1457079116
          FROM          TO       THETA       W  
[  LEFT]    bias --> hidden 0 -3.682564  0.000000
              x  --> hidden 0 -2.850595  0.000000
              x' --> hidden 0 -0.617595  0.000000
            bias --> output   11.182405 -0.000000
        hidden 0 --> output   -8.900371  0.000000
[  NONE]    bias --> hidden 0 -3.625175  0.000000
              x  --> hidden 0 -2.701607  0.000000
              x' --> hidden 0 -0.537187  0.000000
            bias --> output   11.033575 -0.000000
        hidden 0 --> output   -9.058309  0.000000
[ RIGHT]    bias --> hidden 0 -3.972846  0.064229
              x  --> hidden 0 -4.225823  0.017602
              x' --> hidden 0 -1.357583 -0.000532
            bias --> output   11.213153 -1.234568
        hidden 0 --> output   -8.808566  1.227233
fitness =    59

Current State: x = -0.264752  x' =  0.007427, stored action is RIGHT
        HIDDEN NODE    ACTIVATION
[ RIGHT]     0       0.993828
